# R script for Peak Model
#  -- generated by MACS
p <- c(0.0348375051727,0.0434987633648,0.0490804630886,0.0548546352167,0.0621685865789,0.0631309486002,0.0613986969618,0.0621685865789,0.0623610589832,0.0637083658131,0.0652481450472,0.0631309486002,0.0639008382173,0.062938476196,0.0625535313874,0.0613986969618,0.0627460037917,0.0612062245576,0.0613986969618,0.0631309486002,0.0635158934088,0.0621685865789,0.0613986969618,0.0613986969618,0.0625535313874,0.0612062245576,0.0606288073447,0.060821279749,0.0600513901319,0.0621685865789,0.0598589177277,0.0602438625362,0.0612062245576,0.0615911693661,0.0600513901319,0.0600513901319,0.0596664453234,0.060821279749,0.0606288073447,0.0588965557063,0.0600513901319,0.0606288073447,0.0587040833021,0.0592815005149,0.0606288073447,0.0604363349405,0.0627460037917,0.0610137521533,0.0604363349405,0.0590890281106,0.0590890281106,0.0583191384935,0.0592815005149,0.0602438625362,0.0567793592594,0.057934193685,0.0567793592594,0.0575492488764,0.0585116108978,0.0577417212807,0.0606288073447,0.0606288073447,0.0621685865789,0.0606288073447,0.0610137521533,0.0602438625362,0.0594739729191,0.0590890281106,0.0600513901319,0.0596664453234,0.0571643040679,0.0571643040679,0.0562019420466,0.0560094696423,0.0542772180039,0.0540847455996,0.0548546352167,0.0550471076209,0.0554320524295,0.0565868868551,0.0544696904081,0.0560094696423,0.0538922731953,0.0546621628124,0.0573567764722,0.0567793592594,0.0556245248338,0.0563944144508,0.0550471076209,0.0546621628124,0.0565868868551,0.0540847455996,0.0573567764722,0.0581266660892,0.0571643040679,0.0587040833021,0.0594739729191,0.0577417212807,0.0563944144508,0.0583191384935,0.0563944144508,0.0567793592594,0.0542772180039,0.0535073283868,0.0556245248338,0.0550471076209,0.0567793592594,0.0583191384935,0.0598589177277,0.0583191384935,0.0588965557063,0.0602438625362,0.0615911693661,0.060821279749,0.0590890281106,0.0590890281106,0.0571643040679,0.0569718316636,0.0565868868551,0.0548546352167,0.0565868868551,0.0546621628124,0.0544696904081,0.0552395800252,0.0554320524295,0.0540847455996,0.0563944144508,0.0556245248338,0.0554320524295,0.0565868868551,0.0554320524295,0.0565868868551,0.0573567764722,0.0571643040679,0.0565868868551,0.057934193685,0.0562019420466,0.0563944144508,0.0563944144508,0.0581266660892,0.0604363349405,0.0598589177277,0.0606288073447,0.0592815005149,0.0592815005149,0.0613986969618,0.0621685865789,0.0635158934088,0.062938476196,0.0610137521533,0.0610137521533,0.0627460037917,0.0610137521533,0.0635158934088,0.0635158934088,0.0617836417704,0.0606288073447,0.0590890281106,0.0602438625362,0.0594739729191,0.0560094696423,0.0548546352167,0.0552395800252,0.0538922731953,0.0533148559825,0.0531223835783,0.0536998007911,0.0542772180039,0.0525449663654,0.052929911174,0.0527374387697,0.0504277699185,0.0506202423228,0.0498503527057,0.0510051871313,0.0513901319398,0.0515826043441,0.0513901319398,0.050812714727,0.0517750767484,0.0546621628124,0.0588965557063,0.0585116108978,0.0590890281106,0.0598589177277,0.0583191384935,0.0565868868551,0.0562019420466,0.0577417212807,0.0563944144508,0.0540847455996,0.0536998007911,0.0523524939612,0.0546621628124,0.0540847455996,0.0552395800252,0.0556245248338,0.0562019420466,0.0550471076209,0.0563944144508,0.0560094696423,0.0554320524295,0.0581266660892,0.0567793592594,0.0581266660892,0.0583191384935,0.057934193685,0.0573567764722,0.0587040833021,0.0600513901319,0.0592815005149,0.0587040833021,0.057934193685,0.0596664453234,0.0577417212807,0.0560094696423,0.0563944144508,0.0560094696423,0.0560094696423,0.0562019420466,0.0556245248338,0.0544696904081,0.0552395800252,0.0527374387697,0.0540847455996,0.0544696904081,0.0554320524295,0.0571643040679,0.0562019420466,0.052929911174,0.0542772180039,0.0540847455996,0.0515826043441,0.0521600215569,0.052929911174,0.0533148559825,0.0556245248338,0.0548546352167,0.0548546352167,0.0581266660892,0.0598589177277,0.060821279749,0.0596664453234,0.0581266660892,0.0577417212807,0.0567793592594,0.0560094696423,0.0542772180039,0.0546621628124,0.0531223835783,0.0521600215569,0.0523524939612,0.0552395800252,0.0562019420466,0.0546621628124,0.0556245248338,0.0544696904081,0.0569718316636,0.0594739729191,0.0598589177277,0.0602438625362,0.0604363349405,0.0596664453234,0.0619761141746,0.0621685865789,0.0623610589832,0.0602438625362,0.0592815005149,0.0560094696423,0.055816997238,0.0563944144508,0.0569718316636,0.0569718316636,0.055816997238,0.0556245248338,0.0550471076209,0.0571643040679,0.0583191384935,0.0606288073447,0.0592815005149,0.0575492488764,0.0565868868551,0.0562019420466,0.0554320524295,0.0571643040679,0.057934193685,0.0577417212807,0.0565868868551,0.0552395800252,0.0581266660892,0.0631309486002,0.062938476196,0.0625535313874,0.0621685865789,0.0612062245576,0.0612062245576,0.0617836417704,0.0615911693661,0.0623610589832,0.060821279749,0.0604363349405,0.0667879242814,0.0719846791966,0.0754491824735,0.0814158270058,0.0875749439424,0.0950813677089,0.103935098305,0.113366246114,0.123567283541,0.126839314413,0.132036069329,0.137232824244,0.141082272329,0.143776885989,0.14473924801,0.14608655484,0.147626334074,0.148203751287,0.146856444457,0.150320947734,0.149743530521,0.149743530521,0.151860726968,0.154170395819,0.155132757841,0.155325230245,0.156672537075,0.156480064671,0.159944567948,0.159944567948,0.157634899096,0.157634899096,0.158019843905,0.156095119862,0.157634899096,0.155132757841,0.154555340628,0.152245671777,0.147818806479,0.146279027244,0.147048916862,0.148011278883,0.150705892543,0.149743530521,0.149743530521,0.151860726968,0.149743530521,0.15012847533,0.152438144181,0.153977923415,0.156865009479,0.154747813032,0.152438144181,0.15282308899,0.155325230245,0.153977923415,0.155132757841,0.155517702649,0.156865009479,0.158404788713,0.156672537075,0.158212316309,0.160329512756,0.15917467833,0.159559623139,0.16052198516,0.159367150735,0.158982205926,0.157442426692,0.154362868224,0.156095119862,0.154940285437,0.155325230245,0.156095119862,0.151668254564,0.153592978607,0.158019843905,0.161484347182,0.162254236799,0.169760660565,0.173802581055,0.171877857012,0.171107967395,0.170723022587,0.172070329417,0.16995313297,0.168220881331,0.161291874777,0.161484347182,0.157827371501,0.153977923415,0.160137040352,0.157827371501,0.159367150735,0.164178960841,0.16456390565,0.163409071224,0.169568188161,0.171492912204,0.173610108651,0.170723022587,0.168990770948,0.168798298544,0.171300439799,0.166873574501,0.167643464118,0.170530550182,0.170723022587,0.167643464118,0.165718740076,0.16725851931,0.16591121248,0.164756378054,0.16591121248,0.170338077778,0.166488629693,0.166873574501,0.16725851931,0.168220881331,0.166103684884,0.166103684884,0.166296157288,0.172647746629,0.173032691438,0.169375715757,0.174572470672,0.172070329417,0.16995313297,0.169760660565,0.170530550182,0.171877857012,0.174379998268,0.173995053459,0.173802581055,0.173995053459,0.172840219034,0.173417636246,0.173032691438,0.173417636246,0.175919777502,0.177844501545,0.176882139523,0.174572470672,0.173610108651,0.173032691438,0.178806863566,0.179384280779,0.181501477226,0.182078894439,0.181309004821,0.178806863566,0.178229446353,0.17630472231,0.181501477226,0.184003618481,0.180154170396,0.179961697992,0.178036973949,0.178806863566,0.179576753183,0.181886422034,0.18169394963,0.184773508098,0.18169394963,0.182463839247,0.183618673673,0.18438856329,0.186890704545,0.184581035694,0.18573587012,0.181116532417,0.186313287332,0.18573587012,0.183811146077,0.186120814928,0.184196090885,0.184196090885,0.186313287332,0.193049821482,0.194397128312,0.20151860727,0.200363772844,0.201326134865,0.204598165738,0.202673441695,0.205753000164,0.211527172292,0.211334699887,0.209602448249,0.207870196611,0.205753000164,0.205368055355,0.207677724206,0.208832558632,0.20921750344,0.2119121171,0.208832558632,0.208640086228,0.210179865462,0.212297061909,0.214221785951,0.215184147973,0.212874479122,0.211527172292,0.215761565186,0.214221785951,0.213644368739,0.217878761633,0.215184147973,0.215184147973,